Point	Base E	Base N	Base RL	Easting	Northing	Reduced Level	dE	dN	dRL	dx	dy	dz
STN1	26868.2687	31635.0518	-8.878	26868.2688	31635.0518	-8.878	0.1	0.0	0.0	0.1	0.0	0.0
STN2	27037.6213	31669.072	-8.959	27037.6213	31669.0719	-8.959	0.0	-0.1	0.0	0.0	-0.1	0.0
CRF01	26845.4058	31636.5556	-10.0895	26845.4058	31636.5556	-10.0895	0.0	0.0	0.0	0.0	0.0	0.0
CRF02	26847.446	31634.4442	-11.5698	26847.4461	31634.4442	-11.5699	0.1	0.0	-0.1	0.1	0.0	-0.1
CRF03	26846.2894	31630.9438	-9.8532	26846.2893	31630.9438	-9.8532	-0.1	0.0	0.0	-0.1	0.0	0.0
CRF04	26855.2949	31638.173	-9.8857	26855.2948	31638.1731	-9.8857	-0.1	0.1	0.0	-0.1	0.1	0.0
CRF05	26855.5929	31635.8056	-11.3236	26855.593	31635.8056	-11.3236	0.1	0.0	0.0	0.1	0.0	0.0
CRF06	26856.2488	31632.5706	-9.5755	26856.2488	31632.5706	-9.5755	0.0	0.0	0.0	0.0	0.0	0.0
CRF07	26864.9019	31639.9274	-9.3856	26864.9019	31639.9275	-9.3856	0.0	0.1	0.0	0.0	0.1	0.0
CRF08	26865.3643	31637.7094	-11.1167	26865.3643	31637.7094	-11.1167	0.0	0.0	0.0	0.0	0.0	0.0
CRF09	26865.5308	31634.2505	-9.6349	26865.5308	31634.2504	-9.6349	0.0	-0.1	0.0	0.0	-0.1	0.0
CRF10	27049.5941	31671.3752	-9.1375	27049.5941	31671.3752	-9.1375	0.0	0.0	0.0	0.0	0.0	0.0
CRF11	27049.0712	31674.3339	-10.8947	27049.0712	31674.3339	-10.8947	0.0	0.0	0.0	0.0	0.0	0.0
CRF12	27048.5497	31676.7425	-9.4658	27048.5497	31676.7425	-9.4659	0.0	0.0	-0.1	0.0	0.0	-0.1
CRF13	27060.4401	31673.4164	-8.9616	27060.4401	31673.4164	-8.9614	0.0	0.0	0.2	0.0	0.0	0.2
CRF14	27059.3013	31676.4476	-10.9465	27059.3014	31676.4476	-10.9467	0.1	0.0	-0.2	0.1	0.0	-0.2
CRF15	27058.3388	31678.7628	-9.4985	27058.3388	31678.7628	-9.4985	0.0	0.0	0.0	0.0	0.0	0.0
CRF16	27071.6482	31675.9197	-9.021	27071.6482	31675.9197	-9.021	0.0	0.0	0.0	0.0	0.0	0.0
CRF17	27071.0718	31679.0146	-11.0037	27071.0718	31679.0145	-11.0037	0.0	-0.1	0.0	0.0	-0.1	0.0
CRF18	27070.1487	31681.3905	-9.5374	27070.1487	31681.3905	-9.5374	0.0	0.0	0.0	0.0	0.0	0.0
C01L	26880.0398	31642.8491	-9.4707	26880.04	31642.8493	-9.4706	0.2	0.2	0.1	-0.2	0.2	0.1
C02L	26884.8677	31643.8234	-9.3463	26884.8678	31643.8235	-9.3463	0.1	0.1	0.0	-0.1	0.1	0.0
C03L	26890.3761	31644.9535	-9.2263	26890.3761	31644.9535	-9.2264	0.0	0.0	-0.1	0.0	0.0	-0.1
C04L	26894.4949	31645.7996	-9.2688	26894.4949	31645.7996	-9.2686	0.0	0.0	0.2	0.0	0.0	0.2
C42L	27010.564	31663.2685	-8.9126	27010.5641	31663.2684	-8.912	0.1	-0.1	0.6	0.1	0.1	0.6
C43L	27015.6558	31664.3653	-8.6283	27015.6559	31664.3651	-8.6281	0.1	-0.2	0.2	0.2	0.1	0.2
C44L	27021.2276	31665.468	-8.8686	27021.2277	31665.4677	-8.8683	0.1	-0.3	0.3	0.3	0.0	0.3
C45L	27025.8033	31666.4269	-8.5951	27025.8034	31666.4268	-8.5949	0.1	-0.1	0.2	0.1	0.1	0.2
C46L	27030.1407	31667.2818	-8.7782	27030.1407	31667.2818	-8.778	0.0	0.0	0.2	0.0	0.0	0.2
C01B	26880.3996	31640.707	-10.8773	26880.3997	31640.7069	-10.8773	0.1	-0.1	0.0	0.1	0.1	0.0
C02B	26885.8885	31641.7285	-10.8305	26885.8887	31641.7284	-10.8304	0.2	-0.1	0.1	0.1	0.2	0.1
C03B	26890.6024	31642.7001	-10.8026	26890.6025	31642.7001	-10.8024	0.1	0.0	0.2	0.0	0.1	0.2
C04B	26895.3209	31643.6053	-10.805	26895.3211	31643.6053	-10.8049	0.2	0.0	0.1	0.0	0.2	0.1
C42B	27009.0879	31666.5886	-10.8086	27009.0881	31666.5887	-10.8082	0.2	0.1	0.4	-0.1	0.2	0.4
C43B	27015.3574	31667.6246	-10.8009	27015.3575	31667.6247	-10.8005	0.1	0.1	0.4	-0.1	0.1	0.4
C44B	27020.604	31668.7854	-10.8109	27020.6042	31668.7854	-10.8108	0.2	0.0	0.1	0.0	0.2	0.1
C45B	27025.3733	31669.5611	-10.8123	27025.3735	31669.561	-10.8122	0.2	-0.1	0.1	0.1	0.2	0.1
C46B	27029.8398	31670.425	-10.8119	27029.8399	31670.4249	-10.8117	0.1	-0.1	0.2	0.1	0.1	0.2
C01C	26880.0642	31642.6564	-8.101	26880.0645	31642.6564	-8.1011	0.3	0.0	-0.1	0.1	0.3	-0.1
C02C	26884.7964	31643.5917	-8.0314	26884.7967	31643.5917	-8.0314	0.3	0.0	0.0	0.1	0.3	0.0
C03C	26890.3312	31644.7426	-8.0705	26890.3313	31644.7426	-8.0705	0.1	0.0	0.0	0.0	0.1	0.0
C04C	26894.3871	31645.5831	-8.0707	26894.3872	31645.5832	-8.0707	0.1	0.1	0.0	-0.1	0.1	0.0
C42C	27008.8009	31668.5987	-8.1419	27008.801	31668.5986	-8.1417	0.1	-0.1	0.2	0.1	0.1	0.2
C43C	27014.5233	31669.7143	-8.0663	27014.5234	31669.7142	-8.066	0.1	-0.1	0.3	0.1	0.1	0.3
C44C	27020.4631	31670.9265	-8.1249	27020.4633	31670.9264	-8.1248	0.2	-0.1	0.1	0.1	0.2	0.1
C45C	27024.8529	31671.8349	-8.154	27024.8529	31671.8348	-8.1539	0.0	-0.1	0.1	0.1	0.0	0.1
C46C	27029.7015	31672.7799	-8.0389	27029.7016	31672.7798	-8.0388	0.1	-0.1	0.1	0.1	0.1	0.1
C01R	26881.1379	31637.5318	-8.602	26881.1383	31637.5317	-8.602	0.4	-0.1	0.0	0.2	0.4	0.0
C02R	26886.1924	31638.516	-8.681	26886.1927	31638.5158	-8.6804	0.3	-0.2	0.6	0.3	0.3	0.6
C03R	26891.1979	31639.4777	-8.546	26891.1982	31639.4776	-8.5459	0.3	-0.1	0.1	0.2	0.3	0.1
C04R	26895.7472	31640.3748	-9.2385	26895.7475	31640.3749	-9.2385	0.3	0.1	0.0	0.0	0.3	0.0
C42R	27009.022	31668.7996	-9.2984	27009.0221	31668.7996	-9.2983	0.1	0.0	0.1	0.0	0.1	0.1
C43R	27014.7284	31669.9497	-9.2581	27014.7286	31669.9497	-9.2578	0.2	0.0	0.3	0.0	0.2	0.3
C44R	27020.5836	31671.1144	-9.4231	27020.5837	31671.1143	-9.4231	0.1	-0.1	0.0	0.1	0.1	0.0
C45R	27024.8999	31671.9969	-9.434	27024.9	31671.9966	-9.4339	0.1	-0.3	0.1	0.3	0.0	0.1
C46R	27029.4754	31672.9249	-9.4137	27029.4755	31672.9249	-9.4135	0.1	0.0	0.2	0.0	0.1	0.2
C05BL	26898.2251	31644.1795	-10.7986	26898.2253	31644.1797	-10.7986	0.2	0.2	0.0	-0.2	0.2	0.0
C06BL	26902.7875	31645.2166	-10.8061	26902.7873	31645.2168	-10.8061	-0.2	0.2	0.0	-0.2	-0.2	0.0
C07BL	26905.4431	31645.7412	-10.7985	26905.4432	31645.7414	-10.7984	0.1	0.2	0.1	-0.2	0.1	0.1
C08BL	26908.0499	31647.1485	-10.82	26908.0501	31647.1484	-10.8208	0.2	-0.1	-0.8	0.1	0.2	-0.8
C09BL	26911.5594	31647.0422	-10.804	No Data	No Data	No Data	No Data	No Data	No Data	No Data	No Data	No Data
C10BL	26914.9674	31647.7074	-10.8096	26914.9673	31647.7071	-10.8089	-0.1	-0.3	0.7	-0.3	0.1	0.7
C11BL	26917.6389	31648.2717	-10.8134	No Data	No Data	No Data	No Data	No Data	No Data	No Data	No Data	No Data
C12BL	26921.065	31648.9006	-10.8085	No Data	No Data	No Data	No Data	No Data	No Data	No Data	No Data	No Data
C13BL	26923.7715	31649.446	-10.8022	No Data	No Data	No Data	No Data	No Data	No Data	No Data	No Data	No Data
C14BL	26926.4619	31650.0396	-10.8089	No Data	No Data	No Data	No Data	No Data	No Data	No Data	No Data	No Data
C15BL	26928.4068	31651.2577	-10.812	26928.4068	31651.2577	-10.8119	0.0	0.0	0.1	0.0	0.0	0.1
C16BL	26930.7642	31652.6516	-10.8097	26930.7642	31652.6518	-10.8095	0.0	0.2	0.2	-0.2	0.0	0.2
C17BL	26934.6157	31651.6321	-10.8109	No Data	No Data	No Data	No Data	No Data	No Data	No Data	No Data	No Data
C18BL	26937.3169	31652.2044	-10.8004	No Data	No Data	No Data	No Data	No Data	No Data	No Data	No Data	No Data
C19BL	26940.0467	31652.7153	-10.81	No Data	No Data	No Data	No Data	No Data	No Data	No Data	No Data	No Data
C20BL	26944.7649	31653.6448	-10.8105	No Data	No Data	No Data	No Data	No Data	No Data	No Data	No Data	No Data
C21BL	26947.5188	31654.2143	-10.8128	No Data	No Data	No Data	No Data	No Data	No Data	No Data	No Data	No Data
C22BL	26950.8682	31654.8267	-10.8042	No Data	No Data	No Data	No Data	No Data	No Data	No Data	No Data	No Data
C23BL	26953.4109	31656.307	-10.8085	26953.4108	31656.3069	-10.8081	-0.1	-0.1	0.4	0.1	-0.1	0.4
C24BL	26955.8395	31657.5292	-10.8118	26955.8397	31657.5296	-10.811	0.2	0.4	0.8	0.5	-0.1	0.8
C25BL	26959.6518	31656.6634	-10.811	26959.6518	31656.6634	-10.8104	0.0	0.0	0.6	0.0	0.0	0.6
C26BL	26962.361	31656.9787	-10.8035	26962.3611	31656.9791	-10.8028	0.1	0.4	0.7	0.4	0.0	0.7
C27BL	26965.0349	31657.5733	-10.8022	26965.0348	31657.5729	-10.8024	-0.1	-0.4	-0.2	-0.4	0.0	-0.2
C28BL	26967.0698	31658.0068	-10.807	26967.0698	31658.007	-10.8063	0.0	0.2	0.7	0.2	0.1	0.7
C29BL	26970.4396	31658.701	-10.7999	26970.4396	31658.7011	-10.7994	0.0	0.1	0.5	0.1	0.0	0.5
C30BL	26973.119	31659.361	-10.8043	26973.1191	31659.3607	-10.8045	0.1	-0.3	-0.2	0.3	0.0	-0.2
C31BL	26977.0514	31660.2931	-10.8077	26977.0514	31660.2931	-10.8069	0.0	0.0	0.8	0.0	0.0	0.8
C32BL	26979.9464	31660.7268	-10.8062	26979.9463	31660.7265	-10.8054	-0.1	-0.3	0.8	-0.3	0.1	0.8
C33BL	26982.8279	31660.4466	-10.8098	26982.828	31660.4469	-10.8097	0.1	0.3	0.1	-0.3	0.2	0.1
C34BL	26986.2492	31661.3408	-10.8108	26986.2493	31661.3408	-10.8106	0.1	0.0	0.2	0.0	0.1	0.2
C35BL	26988.9496	31661.7742	-10.8075	26988.9497	31661.7743	-10.8068	0.1	0.1	0.7	-0.1	0.1	0.7
C36BL	26991.0397	31662.2321	-10.8127	26991.0399	31662.2323	-10.8124	0.2	0.2	0.3	-0.2	0.2	0.3
C37BL	26993.8422	31662.8233	-10.8069	26993.8423	31662.8235	-10.8065	0.1	0.2	0.4	-0.2	0.1	0.4
C38BL	26997.8572	31662.6235	-10.8401	26997.8573	31662.6238	-10.8395	0.1	0.3	0.6	-0.3	0.2	0.6
C39BL	27001.9662	31663.476	-10.8309	27001.9663	31663.4763	-10.8314	0.1	0.3	-0.5	-0.3	0.2	-0.5
C40BL	27003.9065	31663.9525	-10.8152	No Data	No Data	No Data	No Data	No Data	No Data	No Data	No Data	No Data
C41BL	27005.9571	31664.4782	-10.8228	27005.9573	31664.4782	-10.8225	0.2	0.0	0.3	0.0	0.2	0.3
C05BR	26898.3718	31643.6463	-10.8006	26898.3719	31643.6463	-10.8005	0.1	0.0	0.1	0.0	0.1	0.1
C06BR	26902.9251	31644.5048	-10.8099	26902.9249	31644.5048	-10.8098	-0.2	0.0	0.1	0.0	-0.2	0.1
C07BR	26905.5546	31645.0289	-10.7982	26905.5546	31645.0288	-10.7982	0.0	-0.1	0.0	0.1	0.0	0.0
C08BR	26908.4322	31645.558	-10.7974	26908.4323	31645.558	-10.7974	0.1	0.0	0.0	0.0	0.1	0.0
C09BR	26911.7123	31646.2467	-10.8051	26911.7122	31646.247	-10.8046	-0.1	0.3	0.5	0.2	0.2	0.5
C10BR	26915.1201	31646.9232	-10.8048	26915.1202	31646.923	-10.8046	0.1	-0.2	0.2	0.2	0.1	0.2
C11BR	26917.7909	31647.455	-10.8109	26917.7908	31647.4549	-10.8103	-0.1	-0.1	0.6	-0.1	0.1	0.6
C12BR	26921.1775	31648.136	-10.8042	26921.1775	31648.136	-10.8044	0.0	0.0	-0.2	0.0	0.0	-0.2
C13BR	26923.9238	31648.6559	-10.8046	26923.9233	31648.6556	-10.8044	-0.5	-0.3	0.2	-0.4	0.4	0.2
C14BR	26926.5765	31649.3243	-10.8066	26926.5764	31649.3245	-10.806	-0.1	0.2	0.6	0.1	0.2	0.6
C15BR	26928.51	31650.5487	-10.8038	No Data	No Data	No Data	No Data	No Data	No Data	No Data	No Data	No Data
C16BR	26932.9381	31652.1559	-10.8145	26932.9379	31652.1562	-10.8137	-0.2	0.3	0.8	0.3	0.3	0.8
C17BR	26934.7204	31650.9634	-10.8106	No Data	No Data	No Data	No Data	No Data	No Data	No Data	No Data	No Data
C18BR	26937.4401	31651.4625	-10.8026	26937.4401	31651.4625	-10.8026	0.0	0.0	0.0	0.0	0.0	0.0
C19BR	26940.1436	31652.0691	-10.8055	26940.144	31652.0693	-10.8052	0.4	0.2	0.3	-0.1	0.4	0.3
C20BR	26944.876	31653.001	-10.8088	No Data	No Data	No Data	No Data	No Data	No Data	No Data	No Data	No Data
C21BR	26947.6327	31653.5584	-10.8099	26947.6326	31653.5581	-10.8102	-0.1	-0.3	-0.3	-0.3	0.1	-0.3
C22BR	26950.9592	31654.2038	-10.8018	26950.9592	31654.2038	-10.8024	0.0	0.0	-0.6	0.0	0.0	-0.6
C23BR	26953.5395	31655.5582	-10.8027	No Data	No Data	No Data	No Data	No Data	No Data	No Data	No Data	No Data
C24BR	26957.8369	31657.2514	-10.8243	No Data	No Data	No Data	No Data	No Data	No Data	No Data	No Data	No Data
C25BR	26959.7566	31655.9891	-10.8087	26959.7567	31655.9888	-10.8085	0.1	-0.3	0.2	0.3	0.0	0.2
C26BR	26962.0979	31658.7368	-10.8212	26962.0982	31658.7367	-10.8204	0.3	-0.1	0.8	0.0	-0.3	0.8
C27BR	26964.1738	31658.8553	-10.8396	26964.1739	31658.8554	-10.8388	0.1	0.1	0.8	0.1	-0.1	0.8
C28BR	26966.6146	31658.9953	-10.8243	26966.6145	31658.995	-10.8243	-0.1	-0.3	0.0	-0.3	0.1	0.0
C29BR	26970.8593	31660.3163	-10.8022	26970.8592	31660.3163	-10.8015	-0.1	0.0	0.7	0.0	0.1	0.7
C30BR	26972.9597	31660.223	-10.8084	26972.9597	31660.2233	-10.8087	0.0	0.3	-0.3	0.3	0.1	-0.3
C31BR	26975.5927	31661.2705	-10.8219	26975.5922	31661.271	-10.8219	-0.5	0.5	0.0	0.3	0.6	0.0
C32BR	26979.4748	31661.5495	-10.8213	26979.4747	31661.5498	-10.8208	-0.1	0.3	0.5	0.2	0.2	0.5
C33BR	26982.6578	31661.296	-10.8064	26982.6577	31661.2961	-10.8057	-0.1	0.1	0.7	0.1	0.1	0.7
C34BR	26986.0837	31661.9414	-10.8121	26986.0837	31661.9413	-10.8114	0.0	-0.1	0.7	-0.1	0.0	0.7
C35BR	26988.773	31662.4723	-10.8103	26988.773	31662.4727	-10.8099	0.0	0.4	0.4	-0.4	0.1	0.4
C36BR	26990.7575	31662.8838	-10.8128	26990.7575	31662.8841	-10.812	0.0	0.3	0.8	-0.3	0.1	0.8
C37BR	26993.4414	31663.4534	-10.8099	26993.4415	31663.4536	-10.8098	0.1	0.2	0.1	-0.2	0.1	0.1
C38BR	26997.5196	31664.1831	-10.8073	26997.5198	31664.1832	-10.807	0.2	0.1	0.3	-0.1	0.2	0.3
C39BR	27001.6427	31665.0476	-10.8101	27001.6429	31665.0478	-10.8095	0.2	0.2	0.6	-0.2	0.2	0.6
C40BR	27003.5119	31665.3576	-10.8045	27003.5118	31665.3576	-10.8037	-0.1	0.0	0.8	0.0	0.1	0.8
C41BR	27005.6321	31665.8488	-10.8093	27005.6322	31665.849	-10.8086	0.1	0.2	0.7	-0.2	0.1	0.7
C05LL	26897.0715	31646.2558	-9.2509	26897.0716	31646.2559	-9.2507	0.1	0.1	0.2	-0.1	0.1	0.2
C06LL	26902.7541	31647.3988	-9.9092	26902.7541	31647.3988	-9.909	0.0	0.0	0.2	0.0	0.0	0.2
C07LL	26904.8045	31647.8136	-8.766	26904.8048	31647.8136	-8.7659	0.3	0.0	0.1	0.1	0.3	0.1
C08LL	26907.771	31648.4158	-9.1232	26907.7713	31648.4157	-9.1232	0.3	-0.1	0.0	0.2	0.3	0.0
C09LL	26911.1294	31649.0861	-10.1319	26911.1296	31649.086	-10.1317	0.2	-0.1	0.2	0.1	0.2	0.2
C10LL	26914.7728	31649.8241	-9.1611	26914.7728	31649.8242	-9.1611	0.0	0.1	0.0	-0.1	0.0	0.0
C11LL	26917.7388	31650.4148	-9.1827	26917.7389	31650.4151	-9.1825	0.1	0.3	0.2	-0.3	0.2	0.2
C12LL	26920.704	31651.008	-9.1703	26920.704	31651.0085	-9.1703	0.0	0.5	0.0	-0.5	0.1	0.0
C13LL	26923.6191	31651.5765	-9.175	No Data	No Data	No Data	No Data	No Data	No Data	No Data	No Data	No Data
C14LL	26925.8342	31652.042	-9.172	26925.8345	31652.042	-9.1728	0.3	0.0	-0.8	0.1	-0.3	-0.8
C15LL	26927.7049	31652.4136	-9.2007	26927.705	31652.4132	-9.2008	0.1	-0.4	-0.1	-0.4	-0.2	-0.1
C16LL	26931.626	31653.2021	-9.1935	26931.6263	31653.202	-9.1927	0.3	-0.1	0.8	0.2	0.3	0.8
C17LL	26934.5415	31653.7853	-9.1914	26934.5413	31653.7855	-9.1906	-0.2	0.2	0.8	0.2	0.3	0.8
C18LL	26937.3917	31654.3631	-9.192	26937.3921	31654.3627	-9.1914	0.4	-0.4	0.6	0.5	0.3	0.6
C19LL	26940.2833	31654.9423	-9.2033	26940.2832	31654.942	-9.2035	-0.1	-0.3	-0.2	0.3	-0.2	-0.2
C20LL	26944.2727	31655.7458	-9.1622	26944.273	31655.7457	-9.1617	0.3	-0.1	0.5	0.2	0.3	0.5
C21LL	26947.2245	31656.3381	-9.2048	26947.2244	31656.3385	-9.204	-0.1	0.4	0.8	-0.4	0.0	0.8
C22LL	26950.1304	31656.9173	-9.1789	No Data	No Data	No Data	No Data	No Data	No Data	No Data	No Data	No Data
C23LL	26953.3383	31657.5634	-9.1939	26953.3379	31657.563	-9.1931	-0.4	-0.4	0.8	-0.4	0.3	0.8
C24LL	26956.096	31658.1101	-9.1749	26956.0959	31658.1102	-9.1741	-0.1	0.1	0.8	0.1	0.1	0.8
C25LL	26958.9872	31658.688	-9.1906	26958.9872	31658.6882	-9.1907	0.0	0.2	-0.1	0.2	0.1	-0.1
C26LL	26961.8871	31659.2654	-9.1584	26961.8873	31659.2651	-9.1584	0.2	-0.3	0.0	0.3	0.1	0.0
C27LL	26964.8456	31659.8629	-9.2104	26964.8455	31659.8629	-9.21	-0.1	0.0	0.4	0.0	0.1	0.4
C28LL	26966.7607	31660.2561	-9.1618	26966.7604	31660.2558	-9.1613	-0.3	-0.3	0.5	-0.4	0.2	0.5
C29LL	26970.6918	31661.0448	-9.2118	26970.6918	31661.045	-9.211	0.0	0.2	0.8	0.2	0.0	0.8
C30LL	26972.6357	31661.4285	-9.1641	26972.6357	31661.4285	-9.1636	0.0	0.0	0.5	0.0	0.0	0.5
C31LL	26975.6787	31662.0447	-9.2124	26975.6788	31662.045	-9.2118	0.1	0.3	0.6	0.3	0.0	0.6
C32LL	26979.5397	31662.827	-9.1653	26979.5399	31662.8268	-9.1652	0.2	-0.2	0.1	0.2	0.2	0.1
C33LL	26982.3522	31663.3979	-9.2296	26982.3523	31663.3977	-9.2295	0.1	-0.2	0.1	0.2	0.1	0.1
C34LL	26985.2882	31663.9971	-8.5293	26985.2882	31663.9974	-8.5288	0.0	0.3	0.5	-0.3	0.1	0.5
C35LL	26988.3445	31664.6133	-8.5462	26988.3446	31664.6134	-8.5455	0.1	0.1	0.7	-0.1	0.1	0.7
C36LL	26990.374	31665.0258	-8.59	26990.3741	31665.026	-8.5893	0.1	0.2	0.7	-0.2	0.1	0.7
C37LL	26993.5015	31665.6633	-8.4989	26993.5016	31665.6632	-8.499	0.1	-0.1	-0.1	0.1	0.1	-0.1
C38LL	26998.0492	31666.307	-9.1492	26998.0494	31666.3068	-9.1487	0.2	-0.2	0.5	0.2	0.2	0.5
C39LL	27001.2669	31667.01	-9.1501	27001.2672	31667.01	-9.1496	0.3	0.0	0.5	0.1	0.3	0.5
C40LL	27003.251	31667.3334	-8.9178	27003.2511	31667.3336	-8.9173	0.1	0.2	0.5	-0.2	0.1	0.5
C41LL	27004.4901	31667.7739	-8.8426	27004.4903	31667.774	-8.8425	0.2	0.1	0.1	-0.1	0.2	0.1
C05LU	26897.0018	31646.0475	-8.0829	26897.0019	31646.0474	-8.0827	0.1	-0.1	0.2	0.1	0.1	0.2
C06LU	26902.9813	31647.4366	-7.5683	26902.9815	31647.4366	-7.5682	0.2	0.0	0.1	0.0	0.2	0.1
C07LU	26904.6968	31647.7912	-7.5692	26904.6967	31647.7912	-7.569	-0.1	0.0	0.2	0.0	-0.1	0.2
C08LU	26907.7281	31648.4054	-8.0033	26907.7282	31648.4057	-8.0029	0.1	0.3	0.4	-0.3	0.2	0.4
C09LU	26912.4131	31649.3448	-8.0038	No Data	No Data	No Data	No Data	No Data	No Data	No Data	No Data	No Data
C10LU	26914.6248	31649.7863	-8.0383	26914.6251	31649.7864	-8.0382	0.3	0.1	0.1	0.0	0.3	0.1
C11LU	26917.7523	31650.415	-8.0697	26917.7525	31650.415	-8.0697	0.2	0.0	0.0	0.0	0.2	0.0
C12LU	26920.7785	31651.0232	-8.0267	26920.7785	31651.0231	-8.0262	0.0	-0.1	0.5	0.1	0.0	0.5
C13LU	26923.729	31651.6062	-8.0127	26923.7291	31651.6064	-8.0127	0.1	0.2	0.0	-0.2	0.1	0.0
C14LU	26925.8993	31652.0502	-8.0278	26925.8994	31652.0504	-8.028	0.1	0.2	-0.2	-0.2	0.1	-0.2
C15LU	26927.8606	31652.4484	-8.036	26927.8607	31652.4486	-8.0362	0.1	0.2	-0.2	-0.2	0.1	-0.2
C16LU	26931.6158	31653.2031	-8.0395	26931.6159	31653.2033	-8.0403	0.1	0.2	-0.8	-0.2	0.1	-0.8
C17LU	26934.6081	31653.799	-8.0665	26934.6081	31653.7989	-8.0665	0.0	-0.1	0.0	-0.1	0.0	0.0
C18LU	26937.4902	31654.3794	-8.0858	26937.4902	31654.379	-8.0864	0.0	-0.4	-0.6	-0.4	-0.1	-0.6
C19LU	26940.4862	31654.978	-8.0822	No Data	No Data	No Data	No Data	No Data	No Data	No Data	No Data	No Data
C20LU	26944.1823	31655.7204	-7.9941	26944.1821	31655.7205	-7.9938	-0.2	0.1	0.3	0.0	0.2	0.3
C21LU	26947.2197	31656.3334	-8.0622	26947.2199	31656.3339	-8.0622	0.2	0.5	0.0	0.5	-0.1	0.0
C22LU	26950.1357	31656.9204	-8.071	26950.1356	31656.9208	-8.0702	-0.1	0.4	0.8	0.3	0.1	0.8
C23LU	26953.0809	31657.5132	-8.0545	26953.0808	31657.5132	-8.0545	-0.1	0.0	0.0	0.0	0.1	0.0
C24LU	26956.0098	31658.0943	-8.0333	26956.0099	31658.0939	-8.0335	0.1	-0.4	-0.2	0.4	0.0	-0.2
C25LU	26958.956	31658.6928	-8.078	26958.9561	31658.6924	-8.0772	0.1	-0.4	0.8	0.4	0.0	0.8
C26LU	26961.8214	31659.248	-8.0629	26961.8212	31659.248	-8.0624	-0.2	0.0	0.5	0.0	0.2	0.5
C27LU	26964.779	31659.8459	-8.0614	26964.7792	31659.8455	-8.0616	0.2	-0.4	-0.2	0.4	0.1	-0.2
C28LU	26966.6974	31660.2393	-8.0478	26966.6975	31660.2392	-8.0479	0.1	-0.1	-0.1	0.1	0.1	-0.1
C29LU	26970.531	31661.0163	-8.0117	26970.5311	31661.0165	-8.0112	0.1	0.2	0.5	-0.2	0.1	0.5
C30LU	26972.7811	31661.4623	-8.0568	26972.7812	31661.4627	-8.0562	0.1	0.4	0.6	-0.4	0.2	0.6
C31LU	26975.6512	31662.0381	-8.0541	26975.6513	31662.038	-8.0541	0.1	-0.1	0.0	0.1	0.1	0.0
C32LU	26979.6835	31662.8551	-8.0635	26979.6836	31662.8553	-8.0627	0.1	0.2	0.8	-0.2	0.1	0.8
C33LU	26982.4135	31663.4167	-8.065	26982.4137	31663.4165	-8.0645	0.2	-0.2	0.5	0.2	0.2	0.5
C34LU	26985.2902	31664.0001	-8.0298	26985.2901	31664.0002	-8.0298	-0.1	0.1	0.0	0.1	0.1	0.0
C35LU	26988.1324	31664.5728	-8.0996	26988.1326	31664.5727	-8.0992	0.2	-0.1	0.4	0.1	0.2	0.4
C36LU	26990.3487	31665.0222	-8.0513	26990.3488	31665.0223	-8.0507	0.1	0.1	0.6	-0.1	0.1	0.6
C37LU	26993.4902	31665.6628	-8.0569	26993.4902	31665.6627	-8.0565	0.0	-0.1	0.4	0.1	0.0	0.4
C38LU	26998.3592	31666.2867	-8.1796	26998.359	31666.2868	-8.1788	-0.2	0.1	0.8	0.0	0.2	0.8
C39LU	27001.1498	31666.8302	-8.0129	27001.1501	31666.8303	-8.0127	0.3	0.1	0.2	0.0	0.3	0.2
C40LU	27002.7296	31667.5008	-7.952	27002.7297	31667.5007	-7.952	0.1	-0.1	0.0	0.1	0.1	0.0
C41LU	27005.5045	31667.961	-8.0722	27005.5047	31667.961	-8.0717	0.2	0.0	0.5	0.0	0.2	0.5
